AUPR: 0.38339929745926105
AUROC: 0.7657247862463124
Optimal_Threshold: 0.6136383414268494
Accuracy: 0.9055462184873949
Precision: 0.5088757396449705
Recall: 0.45183887915936954
F1: 0.47866419294990725
TP: 258
FP: 249
TN: 5130
FN: 313
