AUPR: 0.3770054922835466
AUROC: 0.7677976030899686
Optimal_Threshold: 0.6122980117797852
Accuracy: 0.9037251233202925
Precision: 0.5032679738562091
Recall: 0.40597539543058
F1: 0.4494163424124513
TP: 231
FP: 228
TN: 5082
FN: 338
