AUPR: 0.3653358883243792
AUROC: 0.7888756364257978
Optimal_Threshold: 0.3658497631549835
Accuracy: 0.8534262880462506
Precision: 0.34517203107658156
Recall: 0.5334476843910806
F1: 0.4191374663072776
TP: 311
FP: 590
TN: 4708
FN: 272
